kernel line : count latency dram_traffic smem_bk_conflicts smem_warp gmem_access_generated gmem_warp exposed_latency warp_divergence
_1.ptx 1200 : 1024 6240 0 0 0 0 0 0 0 
_1.ptx 1194 : 1000 11192 0 0 0 0 0 0 0 
_1.ptx 1191 : 1000 6440 0 0 0 63 32 0 0 
_1.ptx 1188 : 1000 7384 0 0 0 0 0 0 0 
_1.ptx 1182 : 1000 3256 0 0 0 0 0 0 0 
_1.ptx 1207 : 499012 3163496 0 0 0 0 0 0 0 
_1.ptx 1177 : 500012 3120374 0 0 0 0 0 0 968 
_1.ptx 1175 : 500012 2668548 0 0 0 16856 16856 0 0 
_1.ptx 1172 : 500012 5236079 0 0 0 0 0 0 0 
_1.ptx 1165 : 500012 3102671 0 0 0 0 0 0 0 
_1.ptx 1164 : 500012 4075073 0 0 0 0 0 0 0 
_1.ptx 1162 : 500012 1750303 0 0 0 0 0 0 0 
_1.ptx 1159 : 1000 6896 0 0 0 0 0 0 0 
_1.ptx 1158 : 1000 11192 0 0 0 0 0 0 0 
_1.ptx 1157 : 1000 10768 0 0 0 0 0 0 0 
_1.ptx 1156 : 1000 8152 0 0 0 0 0 0 0 
_1.ptx 1153 : 1024 144 0 0 0 0 0 0 1 
_1.ptx 1152 : 1024 8864 0 0 0 0 0 0 0 
_1.ptx 1150 : 1024 13728 0 0 0 0 0 0 0 
_1.ptx 1149 : 1024 6944 0 0 0 0 0 0 0 
_1.ptx 1147 : 1024 6976 0 0 0 0 0 0 0 
_1.ptx 1145 : 1024 6976 0 0 0 0 0 0 0 
_1.ptx 1140 : 1024 7360 0 0 0 0 0 0 0 
_1.ptx 1138 : 1024 7168 0 0 0 0 0 0 0 
_1.ptx 1135 : 1024 7296 0 0 0 0 0 0 0 
_1.ptx 1132 : 1024 19968 0 0 0 0 0 0 0 
_1.ptx 1337 : 1 5 0 0 0 1 1 0 0 
_1.ptx 1336 : 1 15 0 0 0 0 0 0 0 
_1.ptx 1334 : 1 7 0 0 0 0 0 0 0 
_1.ptx 1332 : 1 336 0 0 0 0 0 0 0 
_1.ptx 1330 : 1 7 0 0 0 0 0 0 0 
_1.ptx 1328 : 1 5 0 0 0 1 1 0 0 
_1.ptx 1327 : 1 11 0 0 0 0 0 0 0 
_1.ptx 1326 : 1 10 0 0 0 0 0 0 0 
_1.ptx 1325 : 1 11 0 0 0 0 0 0 0 
_1.ptx 1324 : 1 7 0 0 0 0 0 0 0 
_1.ptx 1323 : 1 7 0 0 0 0 0 0 0 
_1.ptx 1322 : 1 10 0 0 0 0 0 0 0 
_1.ptx 1320 : 1 11 0 0 0 0 0 0 0 
_1.ptx 1319 : 1 39 0 0 0 1 1 0 0 
_1.ptx 1318 : 1 11 0 0 0 0 0 0 0 
_1.ptx 1317 : 1 17 0 0 0 0 0 0 0 
_1.ptx 1315 : 1 14 0 0 0 0 0 0 0 
_1.ptx 1314 : 1 7 0 0 0 0 0 0 0 
_1.ptx 1312 : 1 3 0 0 0 0 0 0 0 
_1.ptx 1356 : 24 144 0 0 0 0 0 0 0 
_1.ptx 1372 : 1000 6000 0 0 0 0 0 0 0 
_1.ptx 1370 : 1000 15048 7872 0 0 63 32 0 0 
_1.ptx 1369 : 1000 11000 0 0 0 0 0 0 0 
_1.ptx 1368 : 1000 504560 0 0 0 0 0 0 0 
_1.ptx 1367 : 1000 15000 0 0 0 0 0 0 0 
_1.ptx 1309 : 999 5988 0 0 0 0 0 0 0 
_1.ptx 1366 : 1000 7000 0 32 32 0 0 0 0 
_1.ptx 1364 : 1000 1012960 0 0 0 0 0 0 0 
_1.ptx 1362 : 1000 7000 0 0 0 0 0 0 0 
_1.ptx 1361 : 1000 7000 0 0 0 0 0 0 0 
_1.ptx 1359 : 1000 3000 0 0 0 0 0 0 0 
_1.ptx 1353 : 1024 6000 0 0 0 0 0 0 1 
_1.ptx 1347 : 2 8 0 2 2 0 0 0 0 
_1.ptx 1307 : 999 6993 0 0 0 0 0 0 0 
_1.ptx 1306 : 999 6993 0 0 0 0 0 0 0 
_1.ptx 1305 : 999 7992 0 0 0 0 0 0 0 
_1.ptx 1303 : 999 2997 0 0 0 0 0 0 0 
_1.ptx 1302 : 999 9990 0 0 0 0 0 0 0 
_1.ptx 1300 : 999 4995 1984 0 0 999 999 0 0 
_1.ptx 1298 : 999 9990 0 0 0 0 0 0 0 
_1.ptx 1297 : 999 14985 0 0 0 0 0 0 0 
_1.ptx 1351 : 1024 6144 0 0 0 0 0 0 0 
_1.ptx 1296 : 999 6414 0 0 0 999 999 0 0 
_1.ptx 1295 : 999 44789 0 0 0 999 999 0 0 
_1.ptx 1293 : 999 9990 0 0 0 0 0 0 0 
_1.ptx 1292 : 999 6993 0 0 0 0 0 0 0 
_1.ptx 1346 : 2 194 128 0 0 2 2 0 0 
_1.ptx 1291 : 999 6993 0 0 0 0 0 0 0 
_1.ptx 1288 : 1 6 0 0 0 0 0 0 0 
_1.ptx 1343 : 1024 6132 0 0 0 0 0 0 2 
_1.ptx 1286 : 1 0 0 0 0 0 0 0 0 
_1.ptx 1341 : 1024 6144 0 0 0 0 0 0 0 
_1.ptx 1283 : 1 3 0 0 0 0 0 0 0 
_1.ptx 1282 : 1 5 32 0 0 1 1 0 0 
_1.ptx 1281 : 1 41 0 0 0 1 1 0 0 
_1.ptx 1278 : 1024 6778 0 0 0 0 0 0 1 
_1.ptx 1277 : 1024 7264 0 0 0 0 0 0 0 
_1.ptx 1275 : 1024 6144 0 0 0 0 0 0 0 
_1.ptx 1271 : 1000 5992 0 0 0 63 32 0 0 
_1.ptx 1269 : 1000 1130784 0 0 0 0 0 0 0 
_1.ptx 1267 : 1000 129976 0 0 0 63 32 0 0 
_1.ptx 1266 : 1000 9104 0 32 32 0 0 0 0 
_1.ptx 1265 : 1000 11160 0 0 0 0 0 0 0 
_1.ptx 1264 : 1000 11152 0 0 0 0 0 0 0 
_1.ptx 1261 : 1024 144 0 0 0 0 0 0 1 
_1.ptx 1257 : 1024 3072 0 0 0 0 0 0 0 
_1.ptx 1251 : 2 78 0 0 0 2 2 0 0 
_1.ptx 1248 : 1024 7408 0 0 0 0 0 0 2 
_1.ptx 1247 : 1024 8256 0 0 0 0 0 0 0 
_1.ptx 1246 : 1024 8000 0 0 0 0 0 0 0 
_1.ptx 1243 : 1024 6848 0 0 0 0 0 0 0 
_1.ptx 1241 : 1024 7104 0 0 0 0 0 0 0 
_1.ptx 1239 : 1024 7424 0 0 0 0 0 0 0 
_1.ptx 1237 : 1024 7616 0 0 0 0 0 0 0 
_1.ptx 1236 : 1024 7552 0 0 0 0 0 0 0 
_1.ptx 1235 : 1024 8000 0 0 0 0 0 0 0 
_1.ptx 1234 : 1024 7744 0 0 0 0 0 0 0 
_1.ptx 1230 : 1024 17856 0 0 0 0 0 0 0 
_1.ptx 1443 : 1 6 0 0 0 0 0 0 0 
_1.ptx 1437 : 2 6 0 0 0 0 0 0 0 
_1.ptx 1435 : 2 14 0 0 0 0 0 0 0 
_1.ptx 1429 : 2 30 0 0 0 0 0 0 0 
_1.ptx 1423 : 1 7 0 0 0 0 0 0 0 
_1.ptx 1422 : 1 6 0 0 0 0 0 0 0 
_1.ptx 1421 : 1 6 0 0 0 0 0 0 0 
_1.ptx 1415 : 1 6 0 0 0 0 0 0 0 
_1.ptx 1414 : 1 7 0 0 0 0 0 0 0 
_1.ptx 1412 : 1 7 0 0 0 0 0 0 0 
_1.ptx 1410 : 1 7 0 0 0 0 0 0 0 
_1.ptx 1408 : 1 336 0 0 0 0 0 0 0 
_1.ptx 1406 : 1 7 0 0 0 0 0 0 0 
_1.ptx 1404 : 1 3 0 0 0 0 0 0 0 
_1.ptx 1401 : 1023 6842 0 0 0 0 0 0 0 
_1.ptx 1398 : 1024 6 0 0 0 0 0 0 1 
_1.ptx 1396 : 1024 9088 0 0 0 0 0 0 0 
_1.ptx 1395 : 1024 7936 0 0 0 0 0 0 0 
_1.ptx 1394 : 1024 6624 0 0 0 0 0 0 0 
_1.ptx 1393 : 1024 12128 0 0 0 0 0 0 0 
_1.ptx 1391 : 1024 7008 0 0 0 0 0 0 0 
_1.ptx 1389 : 1024 6336 0 0 0 0 0 0 0 
_1.ptx 1387 : 1024 8160 0 0 0 0 0 0 0 
_1.ptx 1386 : 1024 36864 0 0 0 0 0 0 0 
_1.ptx 2660 : 1024 6144 0 0 0 0 0 0 0 
_1.ptx 2654 : 2 10 32 0 0 2 2 0 0 
_1.ptx 2653 : 2 14 0 2 2 0 0 0 0 
_1.ptx 2652 : 2 22 0 0 0 0 0 0 0 
_1.ptx 2651 : 2 20 0 0 0 0 0 0 0 
_1.ptx 2649 : 2 12 0 0 0 0 0 0 0 
_1.ptx 2647 : 2 14 0 0 0 0 0 0 0 
_1.ptx 2658 : 1024 6144 0 0 0 0 0 0 0 
_1.ptx 2646 : 2 6 0 0 0 0 0 0 0 
_1.ptx 2644 : 1024 6132 0 0 0 0 0 0 2 
_1.ptx 2643 : 1024 7808 0 0 0 0 0 0 0 
_1.ptx 2641 : 1024 7424 0 0 0 0 0 0 0 
_1.ptx 2637 : 9216 56672 0 0 0 0 0 0 0 
_1.ptx 2636 : 9216 67392 0 0 0 0 0 0 0 
_1.ptx 2634 : 9216 65568 0 0 0 0 0 0 0 
_1.ptx 2629 : 1022 6070 0 70 40 0 0 0 0 
_1.ptx 2628 : 1022 17922 0 0 0 0 0 0 0 
_1.ptx 2627 : 1022 10928 0 70 40 0 0 0 0 
_1.ptx 2626 : 1022 9520 0 70 40 0 0 0 0 
_1.ptx 2624 : 1022 11274 0 0 0 0 0 0 0 
_1.ptx 2633 : 9216 59840 0 0 0 0 0 0 0 
_1.ptx 2623 : 1022 11820 0 0 0 0 0 0 0 
_1.ptx 2622 : 1022 11466 0 0 0 0 0 0 0 
_1.ptx 2619 : 9216 50700 0 0 0 0 0 0 10 
_1.ptx 2618 : 9216 75104 0 0 0 0 0 0 0 
_1.ptx 2614 : 1024 0 0 0 0 0 0 0 0 
_1.ptx 2612 : 1024 7488 0 0 0 0 0 0 0 
_1.ptx 2611 : 1024 7360 0 0 0 0 0 0 0 
_1.ptx 2610 : 1024 6272 0 0 0 0 0 0 0 
_1.ptx 2608 : 1024 6144 0 0 0 0 0 0 0 
_1.ptx 2604 : 1000 5992 0 63 32 0 0 0 0 
_1.ptx 2603 : 1000 137984 0 0 0 63 32 0 0 
_1.ptx 2602 : 1000 11320 0 0 0 0 0 0 0 
_1.ptx 2601 : 1000 10104 0 0 0 0 0 0 0 
_1.ptx 2599 : 1000 7128 0 0 0 0 0 0 0 
_1.ptx 2598 : 1000 3768 0 0 0 0 0 0 0 
_1.ptx 2596 : 1024 168 0 0 0 0 0 0 1 
_1.ptx 2595 : 1024 8384 0 0 0 0 0 0 0 
_1.ptx 2593 : 1024 4032 0 0 0 0 0 0 0 
_1.ptx 2592 : 1024 6272 0 0 0 0 0 0 0 
_1.ptx 2590 : 1024 70336 0 64 32 0 0 0 0 
_1.ptx 2588 : 1024 6208 0 0 0 0 0 0 0 
_1.ptx 2587 : 1024 11264 0 0 0 0 0 0 0 
_1.ptx 2586 : 1024 6176 0 0 0 0 0 0 0 
_1.ptx 2585 : 1024 180032 0 0 0 0 0 0 0 
_1.ptx 2584 : 1024 6240 0 0 0 0 0 0 0 
_1.ptx 2580 : 1000 23496 0 0 0 63 32 0 0 
_1.ptx 2579 : 1000 15224 0 0 0 0 0 0 0 
_1.ptx 2577 : 1000 11224 0 0 0 0 0 0 0 
_1.ptx 2576 : 1000 178032 0 0 0 0 0 0 0 
_1.ptx 2574 : 1000 8120 0 0 0 0 0 0 0 
_1.ptx 2573 : 1000 67416 0 0 0 0 0 0 0 
_1.ptx 2570 : 1000 15320 0 0 0 0 0 0 0 
_1.ptx 2568 : 1000 8096 0 0 0 0 0 0 0 
_1.ptx 2566 : 1000 6384 0 0 0 0 0 0 0 
_1.ptx 2543 : 1000 6192 0 0 0 0 0 0 0 
_1.ptx 2542 : 1000 7480 0 0 0 0 0 0 0 
_1.ptx 1184 : 1000 9160 0 0 0 0 0 0 0 
_1.ptx 2007 : 454 3332 0 0 0 0 0 0 0 
_1.ptx 2416 : 69000 509312 0 0 0 0 0 0 0 
_1.ptx 1183 : 1000 10096 0 0 0 0 0 0 0 
_1.ptx 2006 : 454 4675 0 0 0 0 0 0 0 
_1.ptx 1597 : 1000 0 0 0 0 0 0 0 0 
_1.ptx 1181 : 1000 7256 0 0 0 0 0 0 0 
_1.ptx 2004 : 454 3248 0 0 0 0 0 0 0 
_1.ptx 2003 : 454 3632 0 0 0 0 0 0 0 
_1.ptx 2001 : 1000 4189 0 0 0 0 0 0 6 
_1.ptx 1592 : 1000 6224 0 0 0 0 0 0 0 
_1.ptx 1176 : 500012 4089184 0 0 0 0 0 0 0 
_1.ptx 1999 : 1000 15352 0 0 0 0 0 0 0 
_1.ptx 1174 : 500012 2866390 0 0 0 32217 16856 0 0 
_1.ptx 1997 : 1000 7384 0 0 0 0 0 0 0 
_1.ptx 1141 : 1024 8000 0 0 0 0 0 0 0 
_1.ptx 1964 : 1000 7224 0 0 0 0 0 0 0 
_1.ptx 1555 : 1000 6120 0 0 0 32 32 0 0 
_1.ptx 1133 : 1024 11520 0 0 0 0 0 0 0 
_1.ptx 1956 : 1000 9096 0 0 0 0 0 0 0 
_1.ptx 2365 : 69000 524392 0 0 0 0 0 0 0 
_1.ptx 1131 : 1024 22080 0 0 0 0 0 0 0 
_1.ptx 1954 : 1000 6320 0 0 0 0 0 0 0 
_1.ptx 1942 : 1000 0 0 0 0 0 0 0 0 
_1.ptx 1940 : 1000 8032 0 0 0 0 0 0 0 
_1.ptx 1531 : 1000 123680 0 0 0 0 0 0 0 
_1.ptx 1930 : 1000 7288 0 0 0 0 0 0 0 
_1.ptx 1521 : 1000 7032 0 0 0 0 0 0 0 
_1.ptx 1925 : 1000 11112 0 0 0 0 0 0 0 
_1.ptx 2339 : 1000 6768 0 0 0 0 0 0 0 
_1.ptx 1516 : 1000 11000 0 0 0 0 0 0 0 
_1.ptx 1922 : 1000 176432 0 0 0 0 0 0 0 
_1.ptx 1513 : 1000 250696 8064 0 0 63 32 0 0 
_1.ptx 1918 : 1000 7096 0 0 0 0 0 0 0 
_1.ptx 2327 : 69000 9254784 69024 0 0 69000 2208 0 0 
_1.ptx 1904 : 1000 54936 0 0 0 32 32 0 0 
_1.ptx 1902 : 1000 11544 0 0 0 0 0 0 0 
_1.ptx 1897 : 1000 14416 0 0 0 0 0 0 0 
_1.ptx 2311 : 69000 574768 0 0 0 0 0 0 0 
_1.ptx 1488 : 1024 7552 0 0 0 0 0 0 0 
_1.ptx 1894 : 1000 9744 0 0 0 63 32 0 0 
_1.ptx 1892 : 1000 12664 0 0 0 0 0 0 0 
_1.ptx 1483 : 1024 34624 0 0 0 0 0 0 0 
_1.ptx 1908 : 1000 7800 0 0 0 0 0 0 0 
_1.ptx 2317 : 69000 2020216 0 0 0 0 0 0 0 
_1.ptx 1709 : 1000 8064 0 0 0 0 0 0 0 
_1.ptx 1907 : 1000 150448 0 0 0 0 0 0 0 
_1.ptx 1498 : 1024 14176 0 0 0 0 0 0 0 
_1.ptx 1493 : 1024 6464 0 0 0 0 0 0 0 
_1.ptx 2316 : 69000 2334056 0 0 0 0 0 0 0 
_1.ptx 1657 : 501 3306 0 0 0 0 0 0 0 
_1.ptx 1656 : 501 4604 0 0 0 0 0 0 0 
_1.ptx 1654 : 501 3261 0 0 0 0 0 0 0 
_1.ptx 2472 : 1000 8256 0 0 0 0 0 0 0 
_1.ptx 1653 : 501 4690 0 0 0 0 0 0 0 
_1.ptx 2474 : 1000 6352 0 0 0 0 0 0 0 
_1.ptx 1651 : 501 3288 0 0 0 0 0 0 0 
_1.ptx 1650 : 501 4709 0 0 0 0 0 0 0 
_1.ptx 2471 : 1000 7896 0 0 0 0 0 0 0 
_1.ptx 1648 : 501 3439 0 0 0 0 0 0 0 
_1.ptx 1233 : 1024 7168 0 0 0 0 0 0 0 
_1.ptx 2056 : 1000 6096 0 0 0 0 0 0 0 
_1.ptx 1645 : 501 3479 0 0 0 0 0 0 0 
_1.ptx 1231 : 1024 17856 0 0 0 0 0 0 0 
_1.ptx 2054 : 1000 7160 0 0 0 0 0 0 0 
_1.ptx 2463 : 1000 144024 0 0 0 63 32 0 0 
_1.ptx 1642 : 501 3417 0 0 0 0 0 0 0 
_1.ptx 1228 : 1024 22080 0 0 0 0 0 0 0 
_1.ptx 2051 : 1000 7256 0 0 0 0 0 0 0 
_1.ptx 1641 : 501 4773 0 0 0 0 0 0 0 
_1.ptx 1639 : 501 3272 0 0 0 0 0 0 0 
_1.ptx 2457 : 1000 105800 8000 0 0 63 32 0 0 
_1.ptx 2047 : 546 4914 0 0 0 0 0 0 0 
_1.ptx 2459 : 1000 7384 0 0 0 0 0 0 0 
_1.ptx 1636 : 501 3290 0 0 0 0 0 0 0 
_1.ptx 2045 : 546 8265 0 0 0 0 0 0 0 
_1.ptx 2453 : 1000 7512 0 0 0 0 0 0 0 
_1.ptx 1675 : 499 4507 0 0 0 0 0 0 0 
_1.ptx 1259 : 1024 8384 0 0 0 0 0 0 0 
_1.ptx 2082 : 1000 7096 0 0 0 0 0 0 0 
_1.ptx 1672 : 499 4668 0 0 0 0 0 0 0 
_1.ptx 1670 : 499 3151 0 0 0 0 0 0 0 
_1.ptx 1256 : 1024 6464 0 0 0 0 0 0 0 
_1.ptx 2079 : 1000 0 0 0 0 0 0 0 0 
_1.ptx 1523 : 1000 23160 8000 0 0 63 32 0 0 
_1.ptx 1932 : 1000 586280 0 0 0 0 0 0 0 
_1.ptx 1920 : 1000 299528 0 0 0 0 0 0 0 
_1.ptx 2334 : 69000 600888 0 0 0 0 0 0 0 
_1.ptx 1511 : 1000 13424 0 0 0 0 0 0 0 
_1.ptx 2329 : 69000 813592 0 0 0 0 0 0 0 
_1.ptx 1519 : 1000 17648 0 0 0 0 0 0 0 
_1.ptx 1928 : 1000 5224 0 0 0 32 32 0 0 
_1.ptx 1916 : 1000 600104 0 0 0 0 0 0 0 
_1.ptx 1507 : 1024 10016 0 0 0 0 0 0 0 
_1.ptx 2325 : 69000 628920 0 0 0 0 0 0 0 
_1.ptx 2540 : 1000 7640 0 0 0 0 0 0 0 
_1.ptx 1717 : 1000 6496 0 0 0 0 0 0 0 
_1.ptx 2535 : 1000 9544 0 0 0 0 0 0 0 
_1.ptx 1518 : 1000 20192 8000 0 0 63 32 0 0 
_1.ptx 1927 : 1000 11896 0 0 0 0 0 0 0 
_1.ptx 1517 : 1000 295720 8064 0 0 63 32 0 0 
_1.ptx 1926 : 1000 226896 0 0 0 0 0 0 0 
_1.ptx 1914 : 1000 7576 0 0 0 0 0 0 0 
_1.ptx 2538 : 1000 10512 0 0 0 0 0 0 0 
_1.ptx 1715 : 1000 8416 0 0 0 0 0 0 0 
_1.ptx 2533 : 1000 9320 0 0 0 0 0 0 0 
_1.ptx 1912 : 1000 12760 0 0 0 0 0 0 0 
_1.ptx 1514 : 1000 6216 8000 0 0 63 32 0 0 
_1.ptx 1923 : 1000 8024 0 0 0 0 0 0 0 
_1.ptx 2332 : 69000 5295600 0 0 0 0 0 0 0 
_1.ptx 1911 : 1000 263368 0 0 0 0 0 0 0 
_1.ptx 1910 : 1000 11384 0 0 0 0 0 0 0 
_1.ptx 1501 : 1024 11744 0 0 0 0 0 0 0 
_1.ptx 1711 : 1000 0 0 0 0 0 0 0 0 
_1.ptx 2335 : 69000 533472 0 0 0 0 0 0 0 
_1.ptx 1512 : 1000 12056 0 0 0 0 0 0 0 
_1.ptx 1909 : 1000 8088 0 0 0 0 0 0 0 
_1.ptx 2323 : 69000 2716776 0 0 0 0 0 0 0 
_1.ptx 1500 : 1024 12832 0 0 0 0 0 0 0 
_1.ptx 1495 : 1024 6720 0 0 0 0 0 0 0 
_1.ptx 2318 : 69000 1814112 0 0 0 0 0 0 0 
_1.ptx 2525 : 1000 6512 0 0 0 0 0 0 0 
_1.ptx 2331 : 69000 819584 0 0 0 0 0 0 0 
_1.ptx 1508 : 1024 144 0 0 0 0 0 0 1 
_1.ptx 1503 : 1024 11776 0 0 0 0 0 0 0 
_1.ptx 2326 : 69000 658032 0 0 0 0 0 0 0 
_1.ptx 1905 : 1000 162392 0 0 0 0 0 0 0 
_1.ptx 1631 : 1000 15256 0 0 0 0 0 0 0 
_1.ptx 2040 : 546 4936 0 0 0 0 0 0 0 
_1.ptx 1885 : 1000 15768 0 0 0 0 0 0 0 
_1.ptx 2294 : 69000 592816 0 0 0 0 0 0 0 
_1.ptx 2504 : 1000 6832 0 0 0 0 0 0 0 
_1.ptx 1896 : 1000 72680 0 0 0 63 32 0 0 
_1.ptx 1486 : 1024 7360 0 0 0 0 0 0 0 
_1.ptx 2406 : 69000 990608 0 0 0 0 0 0 0 
_1.ptx 1583 : 1000 7512 0 0 0 0 0 0 0 
_1.ptx 1883 : 1000 301392 0 0 0 0 0 0 0 
_1.ptx 2037 : 546 4914 0 0 0 0 0 0 0 
_1.ptx 2446 : 1000 8728 0 0 0 0 0 0 0 
_1.ptx 2399 : 69000 0 0 0 0 0 0 0 0 
_1.ptx 1881 : 1000 15632 0 0 0 0 0 0 0 
_1.ptx 1529 : 1000 11000 0 0 0 0 0 0 0 
_1.ptx 1938 : 1000 7608 0 0 0 0 0 0 0 
_1.ptx 2347 : 1000 8440 0 0 0 0 0 0 0 
_1.ptx 2449 : 1000 42352 0 0 0 0 0 0 0 
_1.ptx 1626 : 1000 10704 0 0 0 0 0 0 0 
_1.ptx 2035 : 546 3308 0 0 0 0 0 0 0 
_1.ptx 2305 : 69000 9005752 0 0 0 4347 2208 0 0 
_1.ptx 1482 : 1024 27200 0 0 0 0 0 0 0 
_1.ptx 1891 : 1000 131496 0 0 0 0 0 0 0 
_1.ptx 2300 : 69000 550304 0 0 0 0 0 0 0 
_1.ptx 2527 : 1000 9320 0 0 0 0 0 0 0 
_1.ptx 1704 : 1000 7096 0 0 0 0 0 0 0 
_1.ptx 2351 : 1000 6320 0 0 0 0 0 0 0 
_1.ptx 1528 : 1000 10224 0 0 0 0 0 0 0 
_1.ptx 1481 : 1024 83648 0 0 0 0 0 0 0 
_1.ptx 2299 : 69000 5587696 640 0 0 2208 2208 0 0 
_1.ptx 2502 : 1000 9512 0 0 0 0 0 0 0 
_1.ptx 1679 : 499 4665 0 0 0 0 0 0 0 
_1.ptx 2497 : 1000 7056 0 0 0 0 0 0 0 
_1.ptx 2303 : 69000 605592 0 0 0 0 0 0 0 
_1.ptx 1480 : 1024 83648 0 0 0 0 0 0 0 
_1.ptx 1889 : 1000 8664 0 0 0 0 0 0 0 
_1.ptx 2298 : 69000 806168 0 0 0 0 0 0 0 
_1.ptx 1577 : 1000 14096 0 0 0 0 0 0 0 
_1.ptx 1901 : 1000 242184 0 0 0 0 0 0 0 
_1.ptx 1487 : 1024 7360 0 0 0 0 0 0 0 
_1.ptx 2310 : 69000 5313672 0 0 0 2208 2208 0 0 
_1.ptx 1924 : 1000 8184 0 0 0 0 0 0 0 
_1.ptx 2349 : 1000 7800 0 0 0 0 0 0 0 
_1.ptx 1526 : 1000 14032 0 0 0 0 0 0 0 
_1.ptx 1479 : 1024 163840 128 0 0 0 0 0 0 
_1.ptx 1888 : 1000 3880 0 0 0 0 0 0 0 
_1.ptx 2297 : 69000 2138712 0 0 0 0 0 0 0 
_1.ptx 1525 : 1000 141200 0 0 0 63 32 0 0 
_1.ptx 1934 : 1000 7064 0 0 0 0 0 0 0 
_1.ptx 2301 : 69000 1143944 0 0 0 0 0 0 0 
_1.ptx 1478 : 1024 6144 0 0 0 0 0 0 0 
_1.ptx 1887 : 1000 9608 0 0 0 0 0 0 0 
_1.ptx 1899 : 1000 8376 0 0 0 0 0 0 0 
_1.ptx 1490 : 1024 7232 0 0 0 0 0 0 0 
_1.ptx 1485 : 1024 18560 0 0 0 0 0 0 0 
_1.ptx 2308 : 69000 581456 0 0 0 0 0 0 0 
_1.ptx 1173 : 500012 5565901 0 0 0 0 0 0 0 
_1.ptx 1996 : 1000 7384 0 0 0 0 0 0 0 
_1.ptx 1535 : 1000 7224 0 0 0 0 0 0 0 
_1.ptx 1530 : 1000 216592 4096 0 0 32 32 0 0 
_1.ptx 2353 : 1000 7576 0 0 0 0 0 0 0 
_1.ptx 1585 : 1000 7320 0 0 0 0 0 0 0 
_1.ptx 1994 : 1000 10256 0 0 0 0 0 0 0 
_1.ptx 1536 : 1000 11064 0 0 0 0 0 0 0 
_1.ptx 1945 : 1000 14000 0 0 0 0 0 0 0 
_1.ptx 1633 : 1000 3811 0 0 0 0 0 0 32 
_1.ptx 1628 : 1000 7480 0 0 0 0 0 0 0 
_1.ptx 2451 : 1000 36312 0 0 0 0 0 0 0 
_1.ptx 1688 : 1000 6768 0 0 0 0 0 0 0 
_1.ptx 1683 : 1000 7384 0 0 0 0 0 0 0 
_1.ptx 2506 : 1000 9352 0 0 0 0 0 0 0 
_1.ptx 1898 : 1000 3864 0 0 0 0 0 0 0 
_1.ptx 1484 : 1024 18560 0 0 0 0 0 0 0 
_1.ptx 2307 : 69000 550656 0 0 0 0 0 0 0 
_1.ptx 1581 : 1000 4128 4000 0 0 0 0 0 0 
_1.ptx 2404 : 69000 509216 0 0 0 0 0 0 0 
_1.ptx 2355 : 1000 7512 0 0 0 0 0 0 0 
_1.ptx 2314 : 69000 588752 0 0 0 0 0 0 0 
_1.ptx 1491 : 1024 7296 0 0 0 0 0 0 0 
_1.ptx 2320 : 69000 2187768 0 0 0 0 0 0 0 
_1.ptx 1497 : 1024 6976 0 0 0 0 0 0 0 
_1.ptx 2315 : 69000 2806776 0 0 0 0 0 0 0 
_1.ptx 2522 : 1000 6864 0 0 0 0 0 0 0 
_1.ptx 1699 : 1000 7576 0 0 0 0 0 0 0 
_1.ptx 1285 : 1 7 0 0 0 0 0 0 0 
_1.ptx 2108 : 1000 8464 0 0 0 0 0 0 0 
_1.ptx 1936 : 1000 15000 0 0 0 0 0 0 0 
_1.ptx 1522 : 1000 14576 0 0 0 0 0 0 0 
_1.ptx 2345 : 1000 9056 0 0 0 0 0 0 0 
_1.ptx 1947 : 1000 7192 0 0 0 0 0 0 0 
_1.ptx 1533 : 1000 78712 0 0 0 0 0 0 0 
_1.ptx 2356 : 1000 6800 0 0 0 0 0 0 0 
_1.ptx 1739 : 1000 15808 0 0 0 0 0 0 0 
_1.ptx 1540 : 1000 7328 0 0 0 0 0 0 0 
_1.ptx 1949 : 1000 4032 4000 0 0 0 0 0 0 
_1.ptx 1740 : 1000 7928 0 0 0 0 0 0 0 
_1.ptx 1538 : 1000 11128 0 0 0 0 0 0 0 
_1.ptx 2361 : 69000 525560 0 0 0 0 0 0 0 
_1.ptx 2367 : 69000 3462848 0 0 0 0 0 0 0 
_1.ptx 2373 : 69000 776720 0 0 0 0 0 0 0 
_1.ptx 1550 : 1000 7352 0 0 0 0 0 0 0 
_1.ptx 1136 : 1024 7296 0 0 0 0 0 0 0 
_1.ptx 1959 : 1000 9032 0 0 0 0 0 0 0 
_1.ptx 1545 : 1000 7032 0 0 0 0 0 0 0 
_1.ptx 2368 : 69000 527976 0 0 0 0 0 0 0 
_1.ptx 1137 : 1024 7296 0 0 0 0 0 0 0 
_1.ptx 1960 : 1000 6000 0 0 0 0 0 0 0 
_1.ptx 1547 : 1000 449480 0 0 0 0 0 0 0 
_1.ptx 2370 : 69000 530808 0 0 0 0 0 0 0 
_1.ptx 1951 : 1000 7576 0 0 0 0 0 0 0 
_1.ptx 1537 : 1000 157464 0 0 0 0 0 0 0 
_1.ptx 2360 : 69000 1971080 0 0 0 0 0 0 0 
_1.ptx 1553 : 1000 197680 0 0 0 0 0 0 0 
_1.ptx 1139 : 1024 7296 0 0 0 0 0 0 0 
_1.ptx 1962 : 1000 9064 0 0 0 0 0 0 0 
_1.ptx 2371 : 69000 798080 0 0 0 0 0 0 0 
_1.ptx 1549 : 1000 270392 0 0 0 0 0 0 0 
_1.ptx 2372 : 69000 58692600 0 0 0 69000 2208 0 0 
_1.ptx 1953 : 1000 7064 0 0 0 0 0 0 0 
_1.ptx 2362 : 69000 1957088 0 0 0 0 0 0 0 
_1.ptx 1143 : 1024 8064 0 0 0 0 0 0 0 
_1.ptx 1966 : 1000 6512 0 0 0 0 0 0 0 
_1.ptx 1552 : 1000 11488 0 0 0 0 0 0 0 
_1.ptx 2375 : 69000 710008 0 0 0 0 0 0 0 
_1.ptx 1134 : 1024 11520 0 0 0 0 0 0 0 
_1.ptx 1957 : 1000 6128 0 0 0 0 0 0 0 
_1.ptx 1543 : 1000 765496 0 0 0 0 0 0 0 
_1.ptx 2366 : 69000 787568 0 0 0 0 0 0 0 
_1.ptx 1554 : 1000 11416 0 0 0 0 0 0 0 
_1.ptx 2377 : 69000 513224 0 0 0 0 0 0 0 
_1.ptx 2379 : 69000 1017040 0 0 0 0 0 0 0 
_1.ptx 1562 : 1000 6976 0 0 0 0 0 0 0 
_1.ptx 1557 : 1000 8256 0 0 0 0 0 0 0 
_1.ptx 2380 : 69000 576288 0 0 0 0 0 0 0 
_1.ptx 1564 : 1000 19184 0 0 0 0 0 0 0 
_1.ptx 1559 : 1000 788784 0 0 0 0 0 0 0 
_1.ptx 2382 : 69000 0 0 0 0 0 0 0 0 
_1.ptx 1661 : 499 3235 0 0 0 0 0 0 0 
_1.ptx 1142 : 1024 7936 0 0 0 0 0 0 0 
_1.ptx 1965 : 1000 0 0 0 0 0 0 0 0 
_1.ptx 1551 : 1000 7640 0 0 0 0 0 0 0 
_1.ptx 2374 : 69000 13612976 640 0 0 2208 2208 0 0 
_1.ptx 1567 : 1000 7400 0 0 0 0 0 0 0 
_1.ptx 1664 : 499 3010 0 0 0 0 0 0 0 
_1.ptx 1565 : 1000 15144 0 0 0 0 0 0 0 
_1.ptx 2388 : 69000 510160 0 0 0 0 0 0 0 
_1.ptx 1667 : 499 2994 0 0 0 0 0 0 0 
_1.ptx 2076 : 1000 7776 0 0 0 0 0 0 0 
_1.ptx 1572 : 1000 8000 0 0 0 0 0 0 0 
_1.ptx 1574 : 1000 0 0 0 0 0 0 0 0 
_1.ptx 1589 : 1000 6168 0 0 0 0 0 0 0 
_1.ptx 2407 : 69000 574256 0 0 0 0 0 0 0 
_1.ptx 1586 : 1000 6640 0 0 0 0 0 0 0 
_1.ptx 2409 : 69000 0 0 0 0 0 0 0 0 
_1.ptx 1591 : 1000 9144 0 0 0 0 0 0 0 
_1.ptx 2414 : 69000 507120 0 0 0 0 0 0 0 
_1.ptx 1629 : 1000 7416 0 0 0 0 0 0 0 
_1.ptx 2038 : 546 3276 0 0 0 0 0 0 0 
_1.ptx 2447 : 1000 7288 0 0 0 0 0 0 0 
_1.ptx 1660 : 499 3329 0 0 0 0 0 0 0 
_1.ptx 1663 : 499 4514 0 0 0 0 0 0 0 
_1.ptx 2072 : 1000 7008 0 0 0 0 0 0 0 
_1.ptx 1666 : 499 4540 0 0 0 0 0 0 0 
_1.ptx 1252 : 2 8 0 2 2 0 0 0 0 
_1.ptx 2075 : 1000 8032 0 0 0 0 0 0 0 
_1.ptx 1186 : 1000 10160 0 0 0 0 0 0 0 
_1.ptx 2009 : 454 4086 0 0 0 0 0 0 0 
_1.ptx 1187 : 1000 11096 0 0 0 0 0 0 0 
_1.ptx 2010 : 454 2756 0 0 0 0 0 0 0 
_1.ptx 1596 : 1000 7288 0 0 0 0 0 0 0 
_1.ptx 2419 : 69000 1060896 0 0 0 0 0 0 0 
_1.ptx 1189 : 1000 11160 0 0 0 0 0 0 0 
_1.ptx 2012 : 454 4086 0 0 0 0 0 0 0 
_1.ptx 1598 : 1000 6576 0 0 0 0 0 0 0 
_1.ptx 2421 : 69000 1059624 0 0 0 0 0 0 0 
_1.ptx 1190 : 1000 46040 0 0 0 79 32 0 0 
_1.ptx 2013 : 454 2788 0 0 0 0 0 0 0 
_1.ptx 2422 : 69000 638960 0 0 0 0 0 0 0 
_1.ptx 2015 : 454 4086 0 0 0 0 0 0 0 
_1.ptx 2424 : 69000 510784 0 0 0 0 0 0 0 
_1.ptx 1193 : 1000 11224 0 0 0 0 0 0 0 
_1.ptx 2016 : 454 2788 0 0 0 0 0 0 0 
_1.ptx 1195 : 1000 45624 0 0 0 79 32 0 0 
_1.ptx 2018 : 454 4438 0 0 0 0 0 0 0 
_1.ptx 2427 : 69000 515648 0 0 0 0 0 0 0 
_1.ptx 1196 : 1000 6568 0 0 0 63 32 0 0 
_1.ptx 2019 : 454 3076 0 0 0 0 0 0 0 
_1.ptx 2428 : 69000 0 0 0 0 0 0 0 0 
_1.ptx 2021 : 454 4086 0 0 0 0 0 0 0 
_1.ptx 2028 : 546 3458 0 0 0 0 0 0 0 
_1.ptx 2437 : 69000 764080 0 0 0 0 0 0 0 
_1.ptx 1206 : 499012 5125372 0 0 0 0 0 0 0 
_1.ptx 2029 : 546 3399 0 0 0 0 0 0 0 
_1.ptx 2022 : 454 2724 0 0 0 0 0 0 0 
_1.ptx 2031 : 546 4978 0 0 0 0 0 0 0 
_1.ptx 2440 : 69000 7168424 0 0 0 0 0 0 0 
_1.ptx 2032 : 546 3469 0 0 0 0 0 0 0 
_1.ptx 2024 : 454 4374 0 0 0 0 0 0 0 
_1.ptx 1202 : 1024 6144 0 0 0 0 0 0 0 
_1.ptx 2025 : 454 3172 0 0 0 0 0 0 0 
_1.ptx 2434 : 69000 30341600 0 0 0 0 0 0 0 
_1.ptx 2034 : 546 4946 0 0 0 0 0 0 0 
_1.ptx 2443 : 69000 433712 0 0 0 0 0 0 0 
_1.ptx 2041 : 546 3276 0 0 0 0 0 0 0 
_1.ptx 2450 : 1000 11032 0 0 0 0 0 0 0 
_1.ptx 2043 : 546 4914 0 0 0 0 0 0 0 
_1.ptx 1229 : 1024 19968 0 0 0 0 0 0 0 
_1.ptx 2052 : 1000 7192 0 0 0 0 0 0 0 
_1.ptx 1638 : 501 4692 0 0 0 0 0 0 0 
_1.ptx 2461 : 1000 11384 0 0 0 0 0 0 0 
_1.ptx 1232 : 1024 3072 0 0 0 0 0 0 0 
_1.ptx 2055 : 1000 9160 0 0 0 0 0 0 0 
_1.ptx 1244 : 1024 13312 0 0 0 0 0 0 0 
_1.ptx 2067 : 1000 7104 0 0 0 0 0 0 0 
_1.ptx 2077 : 1000 8008 0 0 0 0 0 0 0 
_1.ptx 1260 : 1024 9152 0 0 0 0 0 0 0 
_1.ptx 2083 : 1000 8064 0 0 0 0 0 0 0 
_1.ptx 1669 : 499 4563 0 0 0 0 0 0 0 
_1.ptx 2492 : 1000 14288 0 0 0 0 0 0 0 
_1.ptx 2085 : 1000 6480 0 0 0 0 0 0 0 
_1.ptx 2494 : 1000 7416 0 0 0 0 0 0 0 
_1.ptx 2107 : 1000 16536 0 0 0 0 0 0 0 
_1.ptx 2516 : 1000 6832 0 0 0 0 0 0 0 
_1.ptx 1426 : 2 14 0 0 0 0 0 0 0 
_1.ptx 2249 : 1000 15600 0 0 0 0 0 0 0 
_1.ptx 1428 : 2 43 0 0 0 2 2 0 0 
_1.ptx 2251 : 1000 223632 0 0 0 0 0 0 0 
_1.ptx 1430 : 2 20 0 0 0 0 0 0 0 
_1.ptx 2253 : 1000 15864 0 0 0 0 0 0 0 
_1.ptx 1432 : 2 20 0 0 0 0 0 0 0 
_1.ptx 2255 : 1000 9416 0 0 0 0 0 0 0 
_1.ptx 2256 : 1000 15576 0 0 0 0 0 0 0 
_1.ptx 1434 : 2 16 0 0 0 0 0 0 0 
_1.ptx 2257 : 1000 6120 0 0 0 63 32 0 0 
_1.ptx 2261 : 1024 6624 0 0 0 0 0 0 0 
_1.ptx 2262 : 1024 3872 0 0 0 0 0 0 0 
_1.ptx 1441 : 1 5 0 0 0 1 1 0 0 
_1.ptx 2264 : 1024 8288 0 0 0 0 0 0 0 
_1.ptx 2265 : 1024 144 0 0 0 0 0 0 1 
_1.ptx 2267 : 1000 3000 0 0 0 0 0 0 0 
_1.ptx 2269 : 1000 7224 0 0 0 0 0 0 0 
_1.ptx 2270 : 1000 7200 0 0 0 0 0 0 0 
_1.ptx 2271 : 1000 0 0 0 0 0 0 0 0 
_1.ptx 2273 : 1000 3000 0 0 0 0 0 0 0 
_1.ptx 2274 : 1000 11256 0 0 0 0 0 0 0 
_1.ptx 2275 : 1000 3000 0 0 0 0 0 0 0 
_1.ptx 2276 : 1000 7320 0 0 0 0 0 0 0 
_1.ptx 2277 : 1000 17312 0 0 0 0 0 0 0 
_1.ptx 2278 : 1000 11064 0 0 0 0 0 0 0 
_1.ptx 2279 : 1000 3000 0 0 0 0 0 0 0 
_1.ptx 2280 : 1000 7592 0 0 0 0 0 0 0 
_1.ptx 2282 : 1000 19472 0 0 0 0 0 0 0 
_1.ptx 2283 : 1000 11288 0 0 0 0 0 0 0 
_1.ptx 2284 : 1000 4200 0 0 0 0 0 0 0 
_1.ptx 2285 : 1000 7544 0 0 0 0 0 0 0 
_1.ptx 2286 : 1000 6672 0 0 0 0 0 0 0 
_1.ptx 2287 : 1000 7544 0 0 0 0 0 0 0 
_1.ptx 2291 : 69000 8104032 0 0 0 4347 2208 0 0 
_1.ptx 2293 : 69000 573072 0 0 0 0 0 0 0 
_1.ptx 2295 : 69000 801640 0 0 0 0 0 0 0 
_1.ptx 1489 : 1024 7616 0 0 0 0 0 0 0 
_1.ptx 2312 : 69000 1143040 0 0 0 0 0 0 0 
_1.ptx 2322 : 69000 623904 0 0 0 0 0 0 0 
_1.ptx 1505 : 1024 12448 0 0 0 0 0 0 0 
_1.ptx 2328 : 69000 776784 0 0 0 0 0 0 0 
_1.ptx 2350 : 1000 7256 0 0 0 0 0 0 0 
_1.ptx 1534 : 1000 7064 0 0 0 0 0 0 0 
_1.ptx 2357 : 1000 6672 0 0 0 0 0 0 0 
_1.ptx 1541 : 1000 6360 0 0 0 0 0 0 0 
_1.ptx 2364 : 69000 5452920 0 0 0 0 0 0 0 
_1.ptx 1561 : 1000 7696 0 0 0 0 0 0 0 
_1.ptx 2384 : 69000 513968 0 0 0 0 0 0 0 
_1.ptx 2389 : 69000 516360 0 0 0 0 0 0 0 
_1.ptx 1568 : 1000 6544 0 0 0 0 0 0 0 
_1.ptx 2391 : 69000 1062192 0 0 0 0 0 0 0 
_1.ptx 1570 : 1000 7136 0 0 0 0 0 0 0 
_1.ptx 2393 : 69000 1062456 0 0 0 0 0 0 0 
_1.ptx 2394 : 69000 641704 0 0 0 0 0 0 0 
_1.ptx 2396 : 69000 524656 0 0 0 0 0 0 0 
_1.ptx 2398 : 69000 506256 0 0 0 0 0 0 0 
_1.ptx 1579 : 1000 7512 0 0 0 0 0 0 0 
_1.ptx 2402 : 69000 710248 0 0 0 0 0 0 0 
_1.ptx 1588 : 1000 9032 0 0 0 0 0 0 0 
_1.ptx 2411 : 69000 511984 0 0 0 0 0 0 0 
_1.ptx 1594 : 1000 9224 0 0 0 0 0 0 0 
_1.ptx 2417 : 69000 513512 0 0 0 0 0 0 0 
_1.ptx 2426 : 69000 508272 0 0 0 0 0 0 0 
_1.ptx 2432 : 69000 1058288 0 0 0 0 0 0 0 
_1.ptx 2436 : 69000 1047576 0 0 0 0 0 0 0 
_1.ptx 2439 : 69000 772320 0 0 0 0 0 0 0 
_1.ptx 2442 : 69000 563192 0 0 0 0 0 0 0 
_1.ptx 2455 : 1000 372584 0 0 0 0 0 0 0 
_1.ptx 1635 : 501 3236 0 0 0 0 0 0 0 
_1.ptx 2458 : 1000 32760 0 0 0 0 0 0 0 
_1.ptx 1644 : 501 4818 0 0 0 0 0 0 0 
_1.ptx 2467 : 1000 7832 0 0 0 0 0 0 0 
_1.ptx 1647 : 501 4701 0 0 0 0 0 0 0 
_1.ptx 2470 : 1000 7928 0 0 0 0 0 0 0 
_1.ptx 1673 : 499 3221 0 0 0 0 0 0 0 
_1.ptx 2496 : 1000 7416 0 0 0 0 0 0 0 
_1.ptx 2499 : 1000 9224 0 0 0 0 0 0 0 
_1.ptx 1677 : 499 7549 0 0 0 0 0 0 0 
_1.ptx 2500 : 1000 6192 0 0 0 0 0 0 0 
_1.ptx 2503 : 1000 6608 0 0 0 0 0 0 0 
_1.ptx 1684 : 1000 7032 0 0 0 0 0 0 0 
_1.ptx 2507 : 1000 6608 0 0 0 0 0 0 0 
_1.ptx 1686 : 1000 7224 0 0 0 0 0 0 0 
_1.ptx 2509 : 1000 9384 0 0 0 0 0 0 0 
_1.ptx 1687 : 1000 9384 0 0 0 0 0 0 0 
_1.ptx 2510 : 1000 6800 0 0 0 0 0 0 0 
_1.ptx 2512 : 1000 9288 0 0 0 0 0 0 0 
_1.ptx 2513 : 1000 6544 0 0 0 0 0 0 0 
_1.ptx 2515 : 1000 9480 0 0 0 0 0 0 0 
_1.ptx 2518 : 1000 9224 0 0 0 0 0 0 0 
_1.ptx 2519 : 1000 6448 0 0 0 0 0 0 0 
_1.ptx 2521 : 1000 9448 0 0 0 0 0 0 0 
_1.ptx 2524 : 1000 9288 0 0 0 0 0 0 0 
_1.ptx 2528 : 1000 6768 0 0 0 0 0 0 0 
_1.ptx 1707 : 1000 8328 0 0 0 0 0 0 0 
_1.ptx 2530 : 1000 9608 0 0 0 0 0 0 0 
_1.ptx 1708 : 1000 7896 0 0 0 0 0 0 0 
_1.ptx 2531 : 1000 6768 0 0 0 0 0 0 0 
_1.ptx 1714 : 1000 7224 0 0 0 0 0 0 0 
_1.ptx 2537 : 1000 7768 0 0 0 0 0 0 0 
